




















1,15
1
1
1
1
1
1
1
1
1
1
1
1
1
1
1






6
6
6
6
6
6
6
6
6
6
6
6












2,16
2
2
2
2
2
2
2
2
2
2
2
2
2


















7
7
7
7
7
7
7
7
7
7






































1,15
1
1
1
1
1


















































2,16
2
2
2
2
2
2
2
2
2
2
2
2
2
2
2
2
2
2
2
2
2
2,12
2
2
2
2
3
3
3
3
3
3
3
3
3
3
3
3
3
3
3
3
3
3
3
3
3
3
3
3
3
3
3
3
3
3
3
3
3
2,16
2
2
2
2
2
2
2
2
2,12
2
2
2
3
3
3
3
3
3
3
3
3
3
3
3
3
3
3
3
3
3
3
3
3
3
3
3
3






6
6
6
6
6
6
6
6
6
6
6
6
6




2,16
2
2
2
2
2
2
2
2
2
2
2






3,12
3
3
3
3
3
3
3
3


1,15
1
1
1
1
1
1
1
1
1
1
1
1
1
1
1
1
1
1
1
1
1
1
1
1
1
1
1
1
1
1
1
1
1
1
1
1
1
1
1
1
1
1
1
1
1
1
1
1
1
1
1
1
1
1
1
1
1,7
1,7
1,7
1,7
1,7
1,7
1,7
7
7
7
7
7

























2,16
2
2
2
2
2
2
2
2
2
2
2
2
2
2
2




































