






























1,15
1
1
1
1
1
1
1

























2,16
2
2
2
2
2
2
2
2
2
2
2
2
2
2
2
2













2,16
2
2
2
2
2
2
2
2
2
2
2
2
2
2
2
2
2
2
2













2,16
2,6
2,6
2,6
6
6
6
6
6
6
6





































1,15
1
1
1
1
1
1
1
1
1
1
1
1
1
1
1
1
1
1
1
1
1
1
1
1
1
1
1
1
1
1
1
1
1
1
1
1
1
1

7
7
7
7
7
7
7
7
7
7
7



















































1,15
1
1
1
1
1
1
1
1
1
1
1
1
1
1
1
1
1
1
1
1
1






























































































