
















2,16
2
2
2
2
2
2




7
7
7
7
7
7
7

































2,16
2
2
2
2
2
2
2
2
2
2
2
2
2
2
2
2
2
2
2
2
2
2
2
2
2
2
2
2
6
6
6
6
6
6
6
6
6
6
6
6
6
6
6
2,6,16
2,6
2,6
2,6
2,6
2,6
2,6
2,6
2,6
2,6
2,6
2,6
2,6
2,6
2,6
2,6
2,6
2,6
2,6
2,6
2,6
2,6
2,6
2,6
2
2
2
2
2
2
2
2
2
2
2
2
2
2

4,13
4
4
4
4
4
4
4
4
4
4
4
4
4
4
4
4
4
4
4
4
4
4
4
4
4
4
4
4
4
4
4
4
4
4
4
4
4
4
4
4
4
4
4
4
4
4
4
4
4
4
4
4
4







1,15
1
1
1
1
1
1
1
1
1
1
1
1
1
1
1
6
6
6
6
6
6
6
6
6
6













2,16
2
2
2
2
2
2
2
















4,13
4
4
4
4
4
4
4
4
4
4
4
4
4
4
4
4
4
4
4
4
1,15
1
1
1
1
1
1
1
1
1
1
1
1
1
1
1
1
1
1
1
1
1
1
1
1
1
1
1
1
1
1
















4,13
4
4
4
4
4
4
4
4







































































