





















2,16
2
2
2
2
2
2
2
2
2
2
2
2
2
2
2
2
2
2
2
2
2
2
2
2
2
2
2
2
2
2
2
2
2
2
2
2
2
2
2
2
2
2










2,16
2
2
2
2
2
2
2
2
2
2
2
2
2
2
2
2
2
2
2
2
2
2
2
2,7
2,7
2,7
7
7
7
7
7
7










































6
6
6
6
6
6
6
6
6
6
6





















3,12
3
3
3
3
3
3
3
3
3
3
3
3
3
3
3
3
3
3
3
3
3
3
3
3
3
3
3
3
3
3
3
3
3
3
3
3
3
3
3
3
3
3
3
3
3
3
3
3
3
3
3
3
3
3
3
3
3
3
3
3
3
3
3
3
3
3
3
3
3
3
3
3
3
3
3
3
3
3
3
3
3
3
3
3
2
2
2,16
2
2
2
2
2
2
2
2
2
2
2
2
2
2
2
2
2
2
2
2
2
2
2
2
2
2
2
2
2
2
2
2
2
2
2
2
2
2
2
2


4,13
4
4
4
4
4
4
4
4
4
4
4
4
4
4
4
4
4
4
4
4
4
4





















2,16
2
2
2
2
2,6
2,6
2,6
2,6
2,6
2,6
2,6
2,6
2,6
2,6
2,6
2,6
6
6
6
6
6
6
6
6







2,16
2
2
2
2
2
2
2
2
2,6
2,6
2,6
2,6
2,6
6
6
6
6
6
6
6
6














4,13
4
4
4
4
4
4
4
4
4
4
4
4
4
4
4
4
4
4
4
4
4
4
4
4
4
4
4
4
4
4
4
4
4
4
4
4
4
4
4
4
4
4
4
4
4
4
4
4
4
4
4
1
1
1,15
1
1
1
1
1
1
1
1,6
1,6
1,6
6
6
6
6
6
6
6










2,16
2
2
2
2
2
2
2
2
2,6
2,6
2,6
2,6
2,6
2,6
2,6
2,6
6
6
6
6
6
6















2,16
2
2
2
2
2
2
2
2
2










1,15
1
1
1
1
1
1
1
1










3,12
3
3
3
3
3
3
3
3
3
3
3
3
3
3
3
3
3
3
3
3
3
3
3
3
3
3
3
3
3
3
3
3
3
3














2,16
2
2
2
2
2
2
2
2
2
2
2
2
2














2,16
2
2
2
2
2
2
2
2
2
2
2
2
2
2
2










