2
2
2
2
2
2
2
2
2
2
2
2
2
2
2
2
2
2
2
2
2
2
2
2
2
2
2
2
2
2
2
2
2
2
2
2
2
2
2
2
2
2
2
2
2
2
2
2
2
2
2
2
2
2
2
2
2
2
2
2
2
2
2
2
2
2









17






2,16
2
2
2
2
2
2
2
2
2
2
2
2
2
2
2
2
2
2
2
2
2
2
2
2
2
2
2
2
2
2
2
2
2
2
2
2
2
2
2
2
2
2
2
2






1,15
1
1
1
1



































2,16
2
2
2
2
2
2
2
2
2
2
2









3,12
3
3
3
3
3
3
3
3
3











4,13
4
4
4
4
4
4
4
4
4
4



2,16
2
2
2
2
2
2
2
2
2
2
2
2
2
2
2
2

1,15
1
1
1
1
1
1
1
1
1


3,12
3
3
3
3
3
3
3
3
3
3
3
3
3
3
3
3
3
3
3
3
3
3
3
3
3
3
3
3
3
3
3
3
3
3
3
3
3
3
3
3
3










1,15
1
1
1
1
1
1
1


























