

















1,15
1
1
1
1
1
1
1
1



6
6
6
6
6
6
6
6
6












1,15
1
1
1
1
1
1
1
1
1
1
1
1
1
1
1
1
1
1
1
1
1
1
1


















2,16
2
2,6
2,6
2,6
2,6
2,6
2,6
2,6
2,6
2,6
2,6
2,6
2,6
2,6
2,6











1,15
1
1
1
1
1
1
1
1
1
1
1
1
1
1
1








6
6
6
6
6
6
6
6
6
6
6
6
6
6


1,15
1
1
1
1
1
1
1
1
1
1
1
1
1
1
1
1
1,6
1,6
1,6
1,6
1,6
1,6
1,6
1,6
1,6
1,6
1,6
1,6
6
6
6
6
6
6
6
6
6
6
6
6
6
6
6
6
6




























1,15
1
1
1
1
1
1
1
1
1
1
1
1
1
1
1
1
1,13
4
4
4
4
4
4
4
4
4
4
4
4
4
4
4
4
4
4
4
4
4
4
4
4
4
4
4
4
4
4
4
4
4
4
4
4
4
4
4
4
4
4
4
4
4
4
4
4
4
4
4
4
4
4
4
4
4
4
4
4
4
4
4
4
4
4
4
4
4
4
4
4
4
4
4
4
4
4
4
4
4
4










3,12
3
3
3
3
3


1,15
1
1
1
1
1
1
1
1
1
1
1
1
1
1
1
1
1
1
1
1
1
1
1
1
1
1
1
1
1
1
1
1
1
1
1
1
1
1
1
1
1
1
1
1
1
1
1
1
1
1
1
1
1
1
1
1
1
1
1
1
1
1




















































