




































2,16
2
2
2
2
2
2
2
2
2
2
2
2
2

7
7
7
7
7
7
7
7
7
7






































1,15
1
1
1
1
1
1
1
1
1
1
1
1
1
1
1
1
1
1
1
1
1
1
1
1
1
1
1,12
1
3
3
3
3
3
3
3
3
3
3
3
3
3
3
3
3
3
3
3
3
3
3
3
3
3
3
3
3
3
3
3
3
3
3
3
3
3
3
3
3
3
3
3
3
3,7
3,7
3,7
3,7
3,7
3,7
3,7
7
7
7



2,16
2
2
2
2
2
2
2
2
2
2
2
2
2
2
2
2
2
2
2
2
2
2
2
2
2
2
2
2
2
2



7
7
7
7
7
7
7
7
7
7
7
7
7










1,15
1
1
1
1
1
1
1
1
1,12
3
3
3
3
3
3
3
3
3
3
3
3
3
3
3
1,15
1
1
1
1
1
1
1
1
1
3
3
3
3
3
3
3
3
3
3
3
3
3
3
3
3
3
3
3
3
3
3
3
3
3
3
3
3
3
3
3
3
3
3
3
3
3
3
3
2,16
2
2
2
2
2
2
2
2
2
2
2
2
2
2
2
2
2
2
2
2
2
2
2
2
2
2
2
2
2
2
2
2
2
2
2
2
2
2,6
2,6
2,6
2,6
2,6
2,6
2,6
2,6
2,6
2,6
2,6
2,6
2,6
2,6
2,6
2,6
2,6
2,6
2,6
2,6
2,6
2,6
2,6
2,6
2,6
2,6
2,6
2,6
2,6
2,6
2,6
2,6
2,6
2,6
2,6
2,6
2,6
2,6
2,6
2,6
2,6
2,6
2,6
2,6
2,6
2,6
2,6
2,6
2,6
2,6
2,6
2,6
2,6
2,6
2,6
2,6
2,6
2,6
2,6
2,6
1,15
1
1
1
1
1
1
1
1
1
1
1
1
1
1
1
1
1
1
1
1
1
1
1
1
1
1
1
1
1
1
1
1
1
1
1
1,7
1,7
1,7
1,7
1,7
1,7
1,7
1,7
1,7
1,7
1,7
1,7
1
1
1
1








































8




















2,16
2
2
2
2
2
2
2
2
2
2
2
2
2
2
2
2
2
2










































