


























1,15
1
1
1
1
1
1
1
1
1
1
1
1
1
1
1
1
1
1
1
1
1
1
1
1
1
1
1
1
1
1
1
1
1
1
1
1
1
1
1
1
1
1
1
1
1
1
1
1
1
1
1
1
1
1
1
1
1
1
1
1
1
1
1
1
1
1
1
1
1
1
1
1
1
1
1
1
1
















1,15
1
1
1
1
1
1




4,13
4
4
4
4
4
4
4
4
4
4
4
4
4
4
4
4,6
4,6
4,6
4,6
4,6
4,6
4,6
4,6
4,6
4,6
6
6
6
















3,12
3
3
3
3
3
3
3
3
3
3
2,16
2
2
2
2
2
2
2
2
2
2
2
2
2
2
2
2
2
2
2
2
2
2
2
2
2
























6
6
6
6
6
6
6
6
6
6
6











3,12
3
3
3
3
3
3
3
3
3,7
3,7
3,7
3,7
3,7
3,7
3,7
7
7
7
7
7
7
4,13
4
4
4
4
4
4
4
4
4
4
4
4
4
4
4
4,7
4,7
4,7
4,7
4,7
4,7
4,7
4,7
4,7
4,7
4,7
4
4
4
4
2,16
2
2
2
2
2
2
2
2
2
2
2
2
2
2
2
2
2
2
2
2
2
2
2
2
2
2
2















2,16
2
2
2
2
2
2
2
2
2
2
2
2
2
2
2
2




























































